
 -0.975163   0.128735  -0.180234  -0.148101
 -0.115839   -0.99001 -0.0803817  -0.588884
 -0.188782 -0.0575071   0.980334    7.44942

 -0.981609  -0.070224   0.177515  0.0202437
-0.0539905   0.994042  0.0946849   -0.95069
 -0.183107  0.0833594  -0.979552    6.64737

 -0.975173   0.128664  -0.180232  -0.148079
 -0.115767  -0.990019 -0.0803821  -0.589038
 -0.188776 -0.0575215   0.980334    7.44941

  0.977103  -0.118369  -0.176803    -4.3351
  0.102863     0.9902 -0.0944665   -1.39229
  0.186252  0.0741171   0.979702    6.63666

 -0.975352    0.12736   -0.18019  -0.147649
 -0.114444  -0.990172 -0.0803887  -0.591853
 -0.188658 -0.0577855   0.980341    7.44917

  0.977051   -0.11875  -0.176833     -4.335
  0.103246    0.99016 -0.0944651   -1.39311
   0.18631  0.0740399   0.979697    6.63654

  -0.97511   0.129121  -0.180247  -0.148228
  -0.11623  -0.989964 -0.0803798   -0.58805
 -0.188817  -0.057429   0.980332     7.4495

  0.978138  0.0551707   0.200503   -4.19574
 0.0382194  -0.995435  0.0874549  -0.893195
  0.204412 -0.0778799  -0.975782    5.81465

  0.978087  0.0562494   0.200454   -4.19567
 0.0393185  -0.995391  0.0874679  -0.895611
   0.20445 -0.0776696  -0.975791    5.81456

 -0.975174   0.128655  -0.180232  -0.148075
 -0.115757   -0.99002 -0.0803821  -0.589058
 -0.188775 -0.0575234   0.980334    7.44941

 0.981635 0.0780151  0.174089  -4.22351
0.0657844 -0.995014  0.074961 -0.980438
 0.179069 -0.062132 -0.981873   5.85573

 -0.976947   0.146803  -0.154992   -0.14567
 -0.137677  -0.988132 -0.0681197  -0.563288
 -0.163153 -0.0452105   0.985564    7.38245

   -0.9842 -0.0931282   0.150589 0.00545261
-0.0817269   0.993421  0.0802178  -0.927656
 -0.157069  0.0666432  -0.985336    6.57677

 -0.976927   0.146937  -0.154996  -0.145719
 -0.137812  -0.988113   -0.06812  -0.563003
 -0.163163 -0.0451879   0.985564    7.38247

 -0.977117   0.145702  -0.154959  -0.145269
 -0.136564  -0.988286 -0.0681176  -0.565634
 -0.163069 -0.0453969    0.98557    7.38228

 -0.976876   0.147265  -0.155006  -0.145838
 -0.138143  -0.988067 -0.0681206  -0.562304
 -0.163188 -0.0451324   0.985562    7.38252

 -0.977177   0.145314  -0.154948  -0.145128
 -0.136173  -0.988341 -0.0681169   -0.56646
  -0.16304 -0.0454624   0.985571    7.38222

  0.978009  -0.142915  -0.151903   -4.33438
  0.131826   0.987976 -0.0807742   -1.47625
   0.16162  0.0589731   0.985089     6.6828

 -0.976964   0.146699  -0.154989  -0.145632
 -0.137572  -0.988147 -0.0681195   -0.56351
 -0.163145 -0.0452281   0.985565    7.38243

 -0.984199 -0.0931508   0.150586 0.00544829
  -0.08175   0.993419  0.0802174  -0.927605
 -0.157067  0.0666395  -0.985337    6.57677

 -0.971792    0.16931  -0.164181  -0.156106
  -0.15537  -0.983334 -0.0944146  -0.722527
  -0.17743 -0.0662426   0.981901      7.421

  0.978634   0.103238   0.177812   -4.21144
 0.0862576  -0.991167   0.100731   -1.19373
  0.186641 -0.0832415  -0.978895    5.84948

 -0.980865  -0.113558   0.158142 0.00396078
-0.0981609   0.989929   0.102006   -1.00404
 -0.168133  0.0845308  -0.982133    6.60719

 0.974051   -0.1623 -0.157741  -4.32573
  0.14729  0.983751 -0.102667  -1.63264
 0.171841 0.0767691  0.982129   6.66455

 -0.971743    0.16958  -0.164186  -0.156217
 -0.155643  -0.983291 -0.0944156  -0.721949
 -0.177454 -0.0661932     0.9819    7.42105

 -0.971759   0.169491  -0.164185   -0.15618
 -0.155552  -0.983305 -0.0944152  -0.722141
 -0.177446 -0.0662096   0.981901    7.42103

  0.97426 -0.161058 -0.157728   -4.3262
 0.146036  0.983937 -0.102672  -1.62999
 0.171731  0.076995  0.982131   6.66478

 0.978624  0.103332  0.177813  -4.21142
0.0863532 -0.991159  0.100733  -1.19394
  0.18665 -0.083225 -0.978895   5.84946

  0.978633    0.10325   0.177812   -4.21144
 0.0862696  -0.991166   0.100732   -1.19375
  0.186642 -0.0832394  -0.978895    5.84948

