
   0.971044    0.238829 -0.00591924    -1.96892
  -0.238488    0.967605  -0.0828529   0.0827759
 -0.0140602   0.0818654    0.996544     7.81152

   0.971211    0.238147 -0.00587684    -1.96923
  -0.237806    0.967773  -0.0828458   0.0812951
 -0.0140421   0.0818583    0.996545     7.81148

   0.971164     0.23834 -0.00588882    -1.96915
  -0.237999    0.967726  -0.0828478   0.0817136
 -0.0140472   0.0818603    0.996545     7.81149

   0.971127    0.238492 -0.00589828    -1.96908
  -0.238151    0.967688  -0.0828494   0.0820441
 -0.0140512   0.0818619    0.996545      7.8115

   0.971095    0.238621 -0.00590627    -1.96902
   -0.23828    0.967656  -0.0828507   0.0823231
 -0.0140546   0.0818633    0.996544     7.81151

 0.893631  0.447473 0.0345111  -1.86074
-0.437165  0.885281 -0.158635  0.656821
-0.101537  0.126674  0.986734    7.9556

 0.893783  0.447169 0.0345283  -1.86105
-0.436862   0.88543 -0.158638  0.656157
 -0.10151  0.126704  0.986733   7.95554

 0.893781  0.447173 0.0345281  -1.86105
-0.436865  0.885428 -0.158638  0.656165
-0.101511  0.126703  0.986733   7.95554

 0.893832  0.447071 0.0345338  -1.86115
-0.436763  0.885478 -0.158639  0.655942
-0.101502  0.126713  0.986733   7.95552

 0.893525  0.447686 0.0344991  -1.86053
-0.437378  0.885176 -0.158633  0.657286
-0.101556  0.126653  0.986735   7.95564

  0.901921   0.429639 -0.0441401   -1.62871
  -0.43159    0.89268  -0.129818   0.602832
-0.0163718   0.136136   0.990555     7.6623

  0.901864   0.429759  -0.044146    -1.6286
  -0.43171   0.892622  -0.129817   0.603094
-0.0163841   0.136135   0.990555    7.66233

  0.901919   0.429643 -0.0441404   -1.62871
 -0.431595   0.892678  -0.129818   0.602842
-0.0163722   0.136136   0.990555     7.6623

  0.902244   0.428965 -0.0441071   -1.62936
 -0.430919   0.893003  -0.129824    0.60136
-0.0163022    0.13614   0.990556    7.66215

  0.901948   0.429583 -0.0441374   -1.62877
 -0.431535   0.892707  -0.129818    0.60271
 -0.016366   0.136136   0.990555    7.66229

  0.969856   0.236795  0.0575168   -1.81655
 -0.227583    0.96456  -0.133532   0.139724
-0.0870981   0.116417   0.989374    7.79578

  0.969736    0.23729  0.0574932   -1.81632
 -0.228077   0.964443  -0.133533     0.1408
-0.0871349   0.116379   0.989375    7.79586

  0.96982  0.236941 0.0575098  -1.81648
-0.227729  0.964525 -0.133532  0.140041
-0.087109  0.116406  0.989374    7.7958

  0.969847   0.236832   0.057515   -1.81653
  -0.22762   0.964551  -0.133532   0.139804
-0.0871009   0.116414   0.989374    7.79578

  0.969733   0.237304  0.0574926   -1.81632
 -0.228092   0.964439  -0.133533   0.140831
-0.0871359   0.116378   0.989375    7.79586

  0.970319   0.232621  0.0660891   -1.85951
 -0.224331   0.967912  -0.113232  0.0239446
-0.0903085  0.0950453   0.991368    7.70788

  0.970466      0.232  0.0661129    -1.8598
  -0.22371   0.968056   -0.11323  0.0225941
-0.0902703  0.0950955   0.991367    7.70779

   0.97037   0.232406  0.0660973   -1.85961
 -0.224117   0.967962  -0.113231  0.0234783
-0.0902953  0.0950626   0.991368    7.70785

  0.970502    0.23185  0.0661186   -1.85987
  -0.22356   0.968091  -0.113229  0.0222676
-0.0902611  0.0951076   0.991366    7.70777

  0.970441   0.232107  0.0661088   -1.85975
 -0.223817   0.968031   -0.11323  0.0228267
-0.0902769  0.0950868   0.991367    7.70781

   0.983264    0.182112 -0.00514052    -2.13281
  -0.181647    0.977808   -0.104379  -0.0806322
 -0.0139823    0.103566    0.994524     7.59325

   0.983368    0.181553 -0.00513497    -2.13301
  -0.181091    0.977913   -0.104369    -0.08184
  -0.013927    0.103563    0.994525     7.59314

   0.983243    0.182224 -0.00516578    -2.13278
  -0.181761    0.977787   -0.104377  -0.0803822
 -0.0139689    0.103567    0.994524     7.59322

   0.983301    0.181915 -0.00515121    -2.13288
  -0.181452    0.977845   -0.104373  -0.0810539
   -0.01395    0.103565    0.994525     7.59319

   0.983271    0.182077 -0.00515847    -2.13283
  -0.181614    0.977815   -0.104375  -0.0807029
 -0.0139602    0.103566    0.994525     7.59321

  0.985722   0.166161  0.0272658   -2.24766
 -0.162511   0.981179  -0.104299  -0.158595
-0.0440831  0.0983785   0.994172    7.57219

  0.985702   0.166281  0.0272607   -2.24762
  -0.16263   0.981159    -0.1043  -0.158336
-0.0440901   0.098375   0.994172     7.5722

  0.985691   0.166341  0.0272578    -2.2476
 -0.162691   0.981149    -0.1043  -0.158204
-0.0440934  0.0983732   0.994172    7.57221

  0.985717   0.166188  0.0272642   -2.24765
 -0.162537   0.981175  -0.104299  -0.158538
-0.0440842  0.0983777   0.994172    7.57219

  0.985718   0.166181  0.0272649   -2.24765
  -0.16253   0.981176  -0.104299  -0.158552
-0.0440842  0.0983779   0.994172    7.57219

  0.984265   0.175393  0.0214461   -2.22684
 -0.170545   0.974715  -0.144377 -0.0239339
-0.0462266   0.138448    0.98929    7.56539

  0.984158   0.175996  0.0214248   -2.22664
 -0.171145   0.974609  -0.144382 -0.0226284
-0.0462915   0.138428    0.98929    7.56553

  0.984284   0.175282    0.02145   -2.22688
 -0.170435   0.974734  -0.144376  -0.024173
-0.0462146   0.138451    0.98929    7.56537

  0.984232   0.175578  0.0214396   -2.22678
 -0.170729   0.974683  -0.144379 -0.0235334
-0.0462465   0.138442    0.98929    7.56543

  0.984248    0.17549  0.0214427   -2.22681
 -0.170642   0.974698  -0.144378 -0.0237236
 -0.046237   0.138444    0.98929    7.56541

  0.975631   0.218986  0.0137779   -2.22106
 -0.216286   0.970375  -0.107666 -0.0359261
-0.0369473   0.102063   0.994092    7.51254

   0.97555   0.219345  0.0137701    -2.2209
 -0.216644   0.970295  -0.107669 -0.0351516
-0.0369778   0.102053   0.994091    7.51261

  0.975588   0.219176  0.0137738   -2.22098
 -0.216476   0.970333  -0.107668 -0.0355158
-0.0369634   0.102058   0.994092    7.51258

  0.975529   0.219439  0.0137681   -2.22086
 -0.216737   0.970274   -0.10767 -0.0349502
-0.0369857   0.102051   0.994091    7.51262

  0.975538     0.2194   0.013769   -2.22088
 -0.216698   0.970283  -0.107669 -0.0350339
-0.0369824   0.102052   0.994091    7.51262

  0.998241  0.0550787 -0.0219237    -3.1227
-0.0571447   0.992436  -0.108655  -0.716166
 0.0157733   0.109717   0.993838    7.41197

  0.998224  0.0554117 -0.0218705   -3.12265
-0.0574701   0.992416  -0.108663  -0.715466
 0.0156834   0.109727   0.993838    7.41216

