%YAML:1.0
image_width: 3840
image_height: 2160
# distortion_parameters:
k1: -0.3007259964942932
k2: 0.07739309966564178
p1: 0.0006319090025499463
p2: -0.0006625659880228341
k3: 0
# projection_parameters:
fx: 7335.33984375
fy: 7334.72998046875
cx: 1784.5799560546875
cy: 1028.68994140625
