%YAML:1.0
image_width: 3840
image_height: 2160
# distortion_parameters:
k1: -0.29343700408935547 #-0.3007259964942932
k2: 0.03466729819774628 #0.07739309966564178
p1: 0.00010115699842572212 #0.0006319090025499463
p2: 0.0005589569918811321 #-0.0006625659880228341
k3: 0
# projection_parameters:
fx: 7338.75 #7335.33984375
fy: 7337.41015625 #7334.72998046875
cx: 1819.510009765625 #1784.5799560546875
cy: 1049.6600341796875 #1028.68994140625
