%YAML:1.0
image_width: 3840
image_height: 2160
# distortion_parameters:
k1: 0.07235439866781235
k2: -0.022831400856375694
p1: -0.012587499804794788
p2: 0.006963179912418127
k3: 0
# projection_parameters:
fx: 1732.93994140625
fy: 1732.7900390625
cx: 1940.75
cy: 1049.0799560546875

